TEXTURE gun
QUADTEX 10.000000 120.000000 270.000000 0.000000 0.000000
10.000000 210.000000 210.000000 1.000000 0.000000
10.000000 200.000000 200.000000 1.000000 1.000000
10.000000 110.000000 260.000000 0.000000 1.000000

TEXTURE gun
QUADTEX 10.000000 210.000000 90.000000 0.000000 0.000000
10.000000 150.000000 40.000000 1.000000 0.000000
10.000000 140.000000 50.000000 1.000000 1.000000
10.000000 200.000000 100.000000 0.000000 1.000000

TEXTURE gun
QUADTEX 10.000000 210.000000 810.000000 0.000000 0.000000
10.000000 210.000000 690.000000 1.000000 0.000000
10.000000 200.000000 700.000000 1.000000 1.000000
10.000000 200.000000 800.000000 0.000000 1.000000

TEXTURE gun
QUADTEX 60.000000 120.000000 270.000000 0.000000 0.000000
10.000000 120.000000 270.000000 1.000000 0.000000
10.000000 210.000000 210.000000 1.000000 1.000000
60.000000 210.000000 210.000000 0.000000 1.000000

TEXTURE gun
QUADTEX 450.000000 210.000000 90.000000 0.000000 0.000000
400.000000 210.000000 90.000000 1.000000 0.000000
400.000000 160.000000 50.000000 1.000000 1.000000
450.000000 160.000000 50.000000 0.000000 1.000000

TEXTURE gun
QUADTEX 60.000000 210.000000 90.000000 0.000000 0.000000
10.000000 210.000000 90.000000 1.000000 0.000000
10.000000 160.000000 50.000000 1.000000 1.000000
60.000000 160.000000 50.000000 0.000000 1.000000

TEXTURE gun
QUADTEX 450.000000 120.000000 270.000000 0.000000 0.000000
400.000000 120.000000 270.000000 1.000000 0.000000
400.000000 210.000000 210.000000 1.000000 1.000000
450.000000 210.000000 210.000000 0.000000 1.000000

TEXTURE gun
QUADTEX 450.000000 210.000000 690.000000 0.000000 0.000000
400.000000 210.000000 690.000000 1.000000 0.000000
400.000000 120.000000 630.000000 1.000000 1.000000
450.000000 120.000000 630.000000 0.000000 1.000000

TEXTURE gun
QUADTEX 60.000000 210.000000 690.000000 0.000000 0.000000
10.000000 210.000000 690.000000 1.000000 0.000000
10.000000 120.000000 630.000000 1.000000 1.000000
60.000000 120.000000 630.000000 0.000000 1.000000

TEXTURE gun
QUADTEX 60.000000 210.000000 810.000000 0.000000 0.000000
10.000000 210.000000 810.000000 1.000000 0.000000
10.000000 210.000000 690.000000 1.000000 1.000000
60.000000 210.000000 690.000000 0.000000 1.000000

TEXTURE car1
QUADTEX 430.000000 300.000000 910.000000 0.000000 1.000000
430.000000 300.000000 660.000000 1.000000 1.000000
430.000000 210.000000 660.000000 1.000000 0.000000
430.000000 210.000000 910.000000 0.000000 0.000000

TEXTURE gun
QUADTEX 430.000000 180.000000 930.000000 0.000000 0.000000
430.000000 180.000000 830.000000 1.000000 0.000000
430.000000 120.000000 870.000000 1.000000 1.000000
430.000000 120.000000 930.000000 0.000000 1.000000

TEXTURE gun
QUADTEX 30.000000 180.000000 930.000000 0.000000 0.000000
30.000000 180.000000 830.000000 1.000000 0.000000
30.000000 120.000000 870.000000 1.000000 1.000000
30.000000 120.000000 930.000000 0.000000 1.000000

TEXTURE car1
QUADTEX 30.000000 300.000000 910.000000 0.000000 1.000000
30.000000 300.000000 660.000000 1.000000 1.000000
30.000000 210.000000 660.000000 1.000000 0.000000
30.000000 210.000000 910.000000 0.000000 0.000000

TEXTURE car1
QUADTEX 30.000000 150.000000 500.000000 0.000000 1.000000
30.000000 150.000000 280.000000 1.000000 1.000000
30.000000 120.000000 280.000000 1.000000 0.000000
30.000000 120.000000 500.000000 0.000000 0.000000

TEXTURE lrskin5
QUADTEX 30.000000 300.000000 910.000000 0.738000 0.506000
430.000000 300.000000 910.000000 0.376000 0.505721
430.000000 180.000000 910.000000 0.376000 0.601539
30.000000 180.000000 910.000000 0.738000 0.602000

TEXTURE car1
QUADTEX 30.000000 210.000000 280.000000 0.000000 0.000000
30.000000 210.000000 210.000000 1.000000 0.000000
30.000000 120.000000 270.000000 1.000000 1.000000
30.000000 120.000000 280.000000 0.000000 1.000000

TEXTURE car1
QUADTEX 430.000000 300.000000 280.000000 0.000000 1.000000
420.000000 280.000000 0.000000 1.000000 1.000000
420.000000 210.000000 0.000000 1.000000 0.000000
430.000000 210.000000 280.000000 0.000000 0.000000

TEXTURE lrskin5
QUADTEX 420.000000 280.000000 0.000000 0.360161 0.507876
40.000000 280.000000 0.000000 0.001988 0.507237
40.000000 170.000000 0.000000 0.001988 0.601055
420.000000 170.000000 0.000000 0.360161 0.601056

TEXTURE gun
QUADTEX 60.000000 210.000000 210.000000 0.000000 0.000000
10.000000 210.000000 210.000000 1.000000 0.000000
10.000000 210.000000 90.000000 1.000000 1.000000
60.000000 210.000000 90.000000 0.000000 1.000000

TEXTURE car1
QUADTEX 430.000000 300.000000 280.000000 0.000000 0.000000
30.000000 300.000000 280.000000 1.000000 0.000000
40.000000 280.000000 0.000000 1.000000 1.000000
420.000000 280.000000 0.000000 0.000000 1.000000

TEXTURE car1
QUADTEX 430.000000 320.000000 290.000000 0.000000 0.000000
30.000000 320.000000 290.000000 1.000000 0.000000
30.000000 300.000000 280.000000 1.000000 1.000000
430.000000 300.000000 280.000000 0.000000 1.000000

TEXTURE car1
QUADTEX 420.000000 300.000000 480.000000 0.000000 0.000000
420.000000 300.000000 490.000000 0.000000 1.000000
410.000000 450.000092 480.000000 1.000000 0.000000
410.000000 450.000092 490.000000 1.000000 1.000000

TEXTURE car1
QUADTEX 430.000000 300.000000 480.000000 0.000000 0.000000
430.000000 300.000000 490.000000 1.000000 0.000000
420.000000 450.000092 480.000000 0.000000 1.000000
420.000000 450.000092 490.000000 1.000000 1.000000

TEXTURE car1
QUADTEX 420.000000 300.000000 490.000000 1.000000 0.000000
430.000000 300.000000 490.000000 1.000000 1.000000
430.000000 300.000000 490.000000 1.000000 1.000000
430.000000 300.000000 480.000000 0.000000 1.000000

TEXTURE car1
QUADTEX 420.000000 300.000000 490.000000 0.000000 0.000000
410.000000 450.000092 490.000000 1.000000 0.000000
430.000000 300.000000 490.000000 0.000000 1.000000
420.000000 300.000000 490.000000 0.000000 0.000000

TEXTURE car1
QUADTEX 410.000000 450.000092 490.000000 0.000000 0.000000
420.000000 450.000092 480.000000 1.000000 1.000000
420.000000 450.000092 480.000000 1.000000 1.000000
420.000000 450.000092 490.000000 0.000000 1.000000

TEXTURE car1
QUADTEX 410.000000 450.000092 490.000000 0.000000 0.000000
410.000000 450.000092 480.000000 0.000000 0.000000
420.000000 300.000000 480.000000 1.000000 0.000000
430.000000 300.000000 480.000000 1.000000 1.000000

TEXTURE car1
QUADTEX 430.000000 300.000000 480.000000 1.000000 1.000000
410.000000 450.000092 480.000000 0.000000 0.000000
30.000000 300.000092 900.000000 0.000000 0.000000
30.000000 300.000092 910.000000 0.000000 1.000000

TEXTURE car1
QUADTEX 40.000000 450.000092 880.000000 1.000000 0.000000
40.000000 450.000092 890.000000 1.000000 1.000000
40.000000 300.000092 900.000000 0.000000 0.000000
40.000000 300.000092 910.000000 1.000000 0.000000

TEXTURE car1
QUADTEX 50.000000 450.000092 880.000000 0.000000 1.000000
50.000000 450.000092 890.000000 1.000000 1.000000
30.000000 300.000092 910.000000 1.000000 0.000000
40.000000 300.000092 910.000000 1.000000 1.000000

TEXTURE car1
QUADTEX 40.000000 300.000092 910.000000 1.000000 1.000000
40.000000 300.000092 900.000000 0.000000 1.000000
30.000000 300.000092 910.000000 0.000000 0.000000
40.000000 450.000092 890.000000 1.000000 0.000000

TEXTURE car1
QUADTEX 40.000000 300.000092 910.000000 0.000000 1.000000
30.000000 300.000092 910.000000 0.000000 0.000000
40.000000 450.000092 890.000000 0.000000 0.000000
50.000000 450.000092 880.000000 1.000000 1.000000

TEXTURE car1
QUADTEX 50.000000 450.000092 880.000000 1.000000 1.000000
50.000000 450.000092 890.000000 0.000000 1.000000
40.000000 450.000092 890.000000 0.000000 0.000000
40.000000 450.000092 880.000000 0.000000 0.000000

TEXTURE car1
QUADTEX 30.000000 300.000092 900.000000 1.000000 0.000000
40.000000 300.000092 900.000000 1.000000 1.000000
40.000000 300.000092 900.000000 1.000000 1.000000
40.000000 450.000092 880.000000 0.000000 0.000000

TEXTURE car1
QUADTEX 30.000000 300.000000 480.000000 0.000000 0.000000
30.000000 300.000000 490.000000 0.000000 1.000000
40.000000 450.000092 480.000000 1.000000 0.000000
40.000000 450.000092 490.000000 1.000000 1.000000

TEXTURE car1
QUADTEX 40.000000 300.000000 480.000000 0.000000 0.000000
40.000000 300.000000 490.000000 1.000000 0.000000
50.000000 450.000092 480.000000 0.000000 1.000000
50.000000 450.000092 490.000000 1.000000 1.000000

TEXTURE car1
QUADTEX 30.000000 300.000000 490.000000 1.000000 0.000000
40.000000 300.000000 490.000000 1.000000 1.000000
40.000000 300.000000 490.000000 1.000000 1.000000
40.000000 300.000000 480.000000 0.000000 1.000000

TEXTURE car1
QUADTEX 30.000000 300.000000 490.000000 0.000000 0.000000
40.000000 450.000092 490.000000 1.000000 0.000000
40.000000 300.000000 490.000000 0.000000 1.000000
30.000000 300.000000 490.000000 0.000000 0.000000

TEXTURE car1
QUADTEX 40.000000 450.000092 490.000000 0.000000 0.000000
50.000000 450.000092 480.000000 1.000000 1.000000
50.000000 450.000092 480.000000 1.000000 1.000000
50.000000 450.000092 490.000000 0.000000 1.000000

TEXTURE car1
QUADTEX 40.000000 450.000092 490.000000 0.000000 0.000000
40.000000 450.000092 480.000000 0.000000 0.000000
30.000000 300.000000 480.000000 1.000000 0.000000
40.000000 300.000000 480.000000 1.000000 1.000000

TEXTURE car1
QUADTEX 40.000000 300.000000 480.000000 1.000000 1.000000
40.000000 450.000092 480.000000 0.000000 0.000000
420.000000 300.000092 900.000000 0.000000 0.000000
420.000000 300.000092 910.000000 0.000000 1.000000

TEXTURE car1
QUADTEX 410.000000 450.000092 880.000000 1.000000 0.000000
410.000000 450.000092 890.000000 1.000000 1.000000
430.000000 300.000092 900.000000 0.000000 0.000000
430.000000 300.000092 910.000000 1.000000 0.000000

TEXTURE car1
QUADTEX 420.000000 450.000092 880.000000 0.000000 1.000000
420.000000 450.000092 890.000000 1.000000 1.000000
420.000000 300.000092 910.000000 1.000000 0.000000
430.000000 300.000092 910.000000 1.000000 1.000000

TEXTURE car1
QUADTEX 430.000000 300.000092 910.000000 1.000000 1.000000
430.000000 300.000092 900.000000 0.000000 1.000000
420.000000 300.000092 910.000000 0.000000 0.000000
410.000000 450.000092 890.000000 1.000000 0.000000

TEXTURE car1
QUADTEX 430.000000 300.000092 910.000000 0.000000 1.000000
420.000000 300.000092 910.000000 0.000000 0.000000
410.000000 450.000092 890.000000 0.000000 0.000000
420.000000 450.000092 880.000000 1.000000 1.000000

TEXTURE car1
QUADTEX 420.000000 450.000092 880.000000 1.000000 1.000000
420.000000 450.000092 890.000000 0.000000 1.000000
410.000000 450.000092 890.000000 0.000000 0.000000
410.000000 450.000092 880.000000 0.000000 0.000000

TEXTURE gun
QUADTEX 420.000000 300.000092 900.000000 1.000000 0.000000
430.000000 300.000092 900.000000 1.000000 1.000000
430.000000 300.000092 900.000000 1.000000 1.000000
410.000000 450.000092 880.000000 0.000000 0.000000

TEXTURE gun
QUADTEX 430.000000 150.000000 500.000000 0.000000 1.000000
430.000000 150.000000 280.000000 1.000000 1.000000
430.000000 120.000000 280.000000 1.000000 0.000000
430.000000 120.000000 500.000000 0.000000 0.000000

TEXTURE gun
QUADTEX 10.000000 100.000000 750.000000 0.000000 0.000000
10.000000 100.000000 671.897522 0.000000 1.000000
10.000000 79.785599 674.558777 1.000000 1.000000
10.000000 60.948799 682.361328 1.000000 1.000000

TEXTURE gun
QUADTEX 10.000000 44.773201 694.773193 1.000000 1.000000
10.000000 32.361301 710.948792 1.000000 1.000000
10.000000 24.558800 729.785583 1.000000 1.000000
10.000000 21.897499 750.000000 1.000000 1.000000

TEXTURE gun
QUADTEX 10.000000 24.558800 770.214417 1.000000 1.000000
10.000000 32.361301 789.051270 1.000000 1.000000
10.000000 44.773201 805.226807 1.000000 1.000000
10.000000 60.948799 817.638794 1.000000 1.000000

TEXTURE gun
QUADTEX 10.000000 79.785599 825.441223 1.000000 1.000000
10.000000 100.000000 828.102478 1.000000 1.000000
10.000000 120.214500 825.441223 1.000000 1.000000
10.000000 139.051300 817.638794 1.000000 1.000000

TEXTURE gun
QUADTEX 10.000000 155.226807 805.226807 1.000000 1.000000
10.000000 167.638794 789.051208 1.000000 1.000000
10.000000 175.441299 770.214417 1.000000 1.000000
10.000000 178.102493 750.000000 1.000000 1.000000

TEXTURE gun
QUADTEX 10.000000 175.441193 729.785583 1.000000 1.000000
10.000000 167.638794 710.948792 1.000000 1.000000
10.000000 155.226807 694.773193 1.000000 1.000000
10.000000 139.051300 682.361328 1.000000 1.000000

TEXTURE gun
QUADTEX 10.000000 120.214401 674.558777 1.000000 1.000000
70.000000 100.000000 671.897522 0.000000 1.000000
70.000000 79.785599 674.558777 1.000000 1.000000
70.000000 60.948799 682.361328 1.000000 1.000000

TEXTURE gun
QUADTEX 70.000000 44.773201 694.773193 1.000000 1.000000
70.000000 32.361301 710.948792 1.000000 1.000000
70.000000 24.558800 729.785583 1.000000 1.000000
70.000000 21.897499 750.000000 1.000000 1.000000

TEXTURE gun
QUADTEX 70.000000 24.558800 770.214417 1.000000 1.000000
70.000000 32.361301 789.051270 1.000000 1.000000
70.000000 44.773201 805.226807 1.000000 1.000000
70.000000 60.948799 817.638794 1.000000 1.000000

TEXTURE gun
QUADTEX 70.000000 79.785599 825.441223 1.000000 1.000000
70.000000 100.000000 828.102478 1.000000 1.000000
70.000000 120.214500 825.441223 1.000000 1.000000
70.000000 139.051300 817.638794 1.000000 1.000000

TEXTURE gun
QUADTEX 70.000000 155.226807 805.226807 1.000000 1.000000
70.000000 167.638794 789.051208 1.000000 1.000000
70.000000 175.441299 770.214417 1.000000 1.000000
70.000000 178.102493 750.000000 1.000000 1.000000

TEXTURE gun
QUADTEX 70.000000 175.441193 729.785583 1.000000 1.000000
70.000000 167.638794 710.948792 1.000000 1.000000
70.000000 155.226807 694.773193 1.000000 1.000000
70.000000 139.051300 682.361328 1.000000 1.000000

TEXTURE gun
QUADTEX 70.000000 120.214401 674.558777 1.000000 1.000000
70.000000 100.000000 750.000000 1.000000 1.000000
10.000000 79.785599 674.558777 0.000000 1.000000
10.000000 60.948799 682.361328 0.000000 1.000000

TEXTURE gun
QUADTEX 10.000000 44.773201 694.773193 0.000000 1.000000
10.000000 32.361301 710.948792 0.000000 1.000000
10.000000 24.558800 729.785583 0.000000 1.000000
10.000000 21.897499 750.000000 0.000000 1.000000

TEXTURE gun
QUADTEX 10.000000 24.558800 770.214417 0.000000 1.000000
10.000000 32.361301 789.051270 0.000000 1.000000
10.000000 44.773201 805.226807 0.000000 1.000000
10.000000 60.948799 817.638794 0.000000 1.000000

TEXTURE gun
QUADTEX 10.000000 79.785599 825.441223 0.000000 1.000000
10.000000 100.000000 828.102478 0.000000 1.000000
10.000000 120.214500 825.441223 0.000000 1.000000
10.000000 139.051300 817.638794 0.000000 1.000000

TEXTURE gun
QUADTEX 10.000000 155.226807 805.226807 0.000000 1.000000
10.000000 167.638794 789.051208 0.000000 1.000000
10.000000 175.441299 770.214417 0.000000 1.000000
10.000000 178.102493 750.000000 0.000000 1.000000

TEXTURE gun
QUADTEX 10.000000 175.441193 729.785583 0.000000 1.000000
10.000000 167.638794 710.948792 0.000000 1.000000
10.000000 155.226807 694.773193 0.000000 1.000000
10.000000 139.051300 682.361328 0.000000 1.000000

TEXTURE gun
QUADTEX 10.000000 100.000000 671.897522 1.000000 1.000000
10.000000 120.214401 674.558777 0.000000 1.000000
10.000000 100.000000 671.897522 0.000000 0.000000
10.000000 100.000000 671.897522 0.000000 0.000000

TEXTURE gun
QUADTEX 10.000000 79.785599 674.558777 1.000000 0.000000
10.000000 79.785599 674.558777 0.000000 0.000000
70.000000 79.785599 674.558777 0.000000 1.000000
10.000000 79.785599 674.558777 0.000000 0.000000

TEXTURE gun
QUADTEX 10.000000 60.948799 682.361328 1.000000 0.000000
10.000000 60.948799 682.361328 0.000000 0.000000
70.000000 60.948799 682.361328 0.000000 1.000000
10.000000 60.948799 682.361328 0.000000 0.000000

TEXTURE gun
QUADTEX 10.000000 44.773201 694.773193 1.000000 0.000000
10.000000 44.773201 694.773193 0.000000 0.000000
70.000000 44.773201 694.773193 0.000000 1.000000
10.000000 44.773201 694.773193 0.000000 0.000000

TEXTURE gun
QUADTEX 10.000000 32.361301 710.948792 1.000000 0.000000
10.000000 32.361301 710.948792 0.000000 0.000000
70.000000 32.361301 710.948792 0.000000 1.000000
10.000000 32.361301 710.948792 0.000000 0.000000

TEXTURE gun
QUADTEX 10.000000 24.558800 729.785583 1.000000 0.000000
10.000000 24.558800 729.785583 0.000000 0.000000
70.000000 24.558800 729.785583 0.000000 1.000000
10.000000 24.558800 729.785583 0.000000 0.000000

TEXTURE gun
QUADTEX 10.000000 21.897499 750.000000 1.000000 0.000000
10.000000 21.897499 750.000000 0.000000 0.000000
70.000000 21.897499 750.000000 0.000000 1.000000
10.000000 21.897499 750.000000 0.000000 0.000000

TEXTURE gun
QUADTEX 10.000000 24.558800 770.214417 1.000000 0.000000
10.000000 24.558800 770.214417 0.000000 0.000000
70.000000 24.558800 770.214417 0.000000 1.000000
10.000000 24.558800 770.214417 0.000000 0.000000

TEXTURE gun
QUADTEX 10.000000 32.361301 789.051270 1.000000 0.000000
10.000000 32.361301 789.051270 0.000000 0.000000
70.000000 32.361301 789.051270 0.000000 1.000000
10.000000 32.361301 789.051270 0.000000 0.000000

TEXTURE gun
QUADTEX 10.000000 44.773201 805.226807 1.000000 0.000000
10.000000 44.773201 805.226807 0.000000 0.000000
70.000000 44.773201 805.226807 0.000000 1.000000
10.000000 44.773201 805.226807 0.000000 0.000000

TEXTURE gun
QUADTEX 10.000000 60.948799 817.638794 1.000000 0.000000
10.000000 60.948799 817.638794 0.000000 0.000000
70.000000 60.948799 817.638794 0.000000 1.000000
10.000000 60.948799 817.638794 0.000000 0.000000

TEXTURE gun
QUADTEX 10.000000 79.785599 825.441223 1.000000 0.000000
10.000000 79.785599 825.441223 0.000000 0.000000
70.000000 79.785599 825.441223 0.000000 1.000000
10.000000 79.785599 825.441223 0.000000 0.000000

TEXTURE gun
QUADTEX 10.000000 100.000000 828.102478 1.000000 0.000000
10.000000 100.000000 828.102478 0.000000 0.000000
70.000000 100.000000 828.102478 0.000000 1.000000
10.000000 100.000000 828.102478 0.000000 0.000000

TEXTURE gun
QUADTEX 10.000000 120.214500 825.441223 1.000000 0.000000
10.000000 120.214500 825.441223 0.000000 0.000000
70.000000 120.214500 825.441223 0.000000 1.000000
10.000000 120.214500 825.441223 0.000000 0.000000

TEXTURE gun
QUADTEX 10.000000 139.051300 817.638794 1.000000 0.000000
10.000000 139.051300 817.638794 0.000000 0.000000
70.000000 139.051300 817.638794 0.000000 1.000000
10.000000 139.051300 817.638794 0.000000 0.000000

TEXTURE gun
QUADTEX 10.000000 155.226807 805.226807 1.000000 0.000000
10.000000 155.226807 805.226807 0.000000 0.000000
70.000000 155.226807 805.226807 0.000000 1.000000
10.000000 155.226807 805.226807 0.000000 0.000000

TEXTURE gun
QUADTEX 10.000000 167.638794 789.051208 1.000000 0.000000
10.000000 167.638794 789.051208 0.000000 0.000000
70.000000 167.638794 789.051208 0.000000 1.000000
10.000000 167.638794 789.051208 0.000000 0.000000

TEXTURE gun
QUADTEX 10.000000 175.441299 770.214417 1.000000 0.000000
10.000000 175.441299 770.214417 0.000000 0.000000
70.000000 175.441299 770.214417 0.000000 1.000000
10.000000 175.441299 770.214417 0.000000 0.000000

TEXTURE gun
QUADTEX 10.000000 178.102493 750.000000 1.000000 0.000000
10.000000 178.102493 750.000000 0.000000 0.000000
70.000000 178.102493 750.000000 0.000000 1.000000
10.000000 178.102493 750.000000 0.000000 0.000000

TEXTURE gun
QUADTEX 10.000000 175.441193 729.785583 1.000000 0.000000
10.000000 175.441193 729.785583 0.000000 0.000000
70.000000 175.441193 729.785583 0.000000 1.000000
10.000000 175.441193 729.785583 0.000000 0.000000

TEXTURE gun
QUADTEX 10.000000 167.638794 710.948792 1.000000 0.000000
10.000000 167.638794 710.948792 0.000000 0.000000
70.000000 167.638794 710.948792 0.000000 1.000000
10.000000 167.638794 710.948792 0.000000 0.000000

TEXTURE gun
QUADTEX 10.000000 155.226807 694.773193 1.000000 0.000000
10.000000 155.226807 694.773193 0.000000 0.000000
70.000000 155.226807 694.773193 0.000000 1.000000
10.000000 155.226807 694.773193 0.000000 0.000000

TEXTURE gun
QUADTEX 10.000000 139.051300 682.361328 1.000000 0.000000
10.000000 139.051300 682.361328 0.000000 0.000000
70.000000 139.051300 682.361328 0.000000 1.000000
10.000000 139.051300 682.361328 0.000000 0.000000

TEXTURE gun
QUADTEX 10.000000 120.214401 674.558777 1.000000 0.000000
10.000000 120.214401 674.558777 0.000000 0.000000
70.000000 100.000000 671.897522 1.000000 1.000000
70.000000 120.214401 674.558777 0.000000 1.000000

TEXTURE gun
QUADTEX 10.000000 120.214401 674.558777 0.000000 0.000000
10.000000 100.000000 671.897522 1.000000 0.000000
70.000000 100.000000 671.897522 1.000000 1.000000
70.000000 100.000000 671.897522 0.000000 0.000000

TEXTURE gun
QUADTEX 70.000000 79.785599 674.558777 1.000000 0.000000
70.000000 79.785599 674.558777 0.000000 0.000000
70.000000 60.948799 682.361328 1.000000 0.000000
70.000000 60.948799 682.361328 0.000000 0.000000

TEXTURE gun
QUADTEX 70.000000 44.773201 694.773193 1.000000 0.000000
70.000000 44.773201 694.773193 0.000000 0.000000
70.000000 32.361301 710.948792 1.000000 0.000000
70.000000 32.361301 710.948792 0.000000 0.000000

TEXTURE gun
QUADTEX 70.000000 24.558800 729.785583 1.000000 0.000000
70.000000 24.558800 729.785583 0.000000 0.000000
70.000000 21.897499 750.000000 1.000000 0.000000
70.000000 21.897499 750.000000 0.000000 0.000000

TEXTURE gun
QUADTEX 70.000000 24.558800 770.214417 1.000000 0.000000
70.000000 24.558800 770.214417 0.000000 0.000000
70.000000 32.361301 789.051270 1.000000 0.000000
70.000000 32.361301 789.051270 0.000000 0.000000

TEXTURE gun
QUADTEX 70.000000 44.773201 805.226807 1.000000 0.000000
70.000000 44.773201 805.226807 0.000000 0.000000
70.000000 60.948799 817.638794 1.000000 0.000000
70.000000 60.948799 817.638794 0.000000 0.000000

TEXTURE gun
QUADTEX 70.000000 79.785599 825.441223 1.000000 0.000000
70.000000 79.785599 825.441223 0.000000 0.000000
70.000000 100.000000 828.102478 1.000000 0.000000
70.000000 100.000000 828.102478 0.000000 0.000000

TEXTURE gun
QUADTEX 70.000000 120.214500 825.441223 1.000000 0.000000
70.000000 120.214500 825.441223 0.000000 0.000000
70.000000 139.051300 817.638794 1.000000 0.000000
70.000000 139.051300 817.638794 0.000000 0.000000

TEXTURE gun
QUADTEX 70.000000 155.226807 805.226807 1.000000 0.000000
70.000000 155.226807 805.226807 0.000000 0.000000
70.000000 167.638794 789.051208 1.000000 0.000000
70.000000 167.638794 789.051208 0.000000 0.000000

TEXTURE gun
QUADTEX 70.000000 175.441299 770.214417 1.000000 0.000000
70.000000 175.441299 770.214417 0.000000 0.000000
70.000000 178.102493 750.000000 1.000000 0.000000
70.000000 178.102493 750.000000 0.000000 0.000000

TEXTURE gun
QUADTEX 70.000000 175.441193 729.785583 1.000000 0.000000
70.000000 175.441193 729.785583 0.000000 0.000000
70.000000 167.638794 710.948792 1.000000 0.000000
70.000000 167.638794 710.948792 0.000000 0.000000

TEXTURE gun
QUADTEX 70.000000 155.226807 694.773193 1.000000 0.000000
70.000000 155.226807 694.773193 0.000000 0.000000
70.000000 139.051300 682.361328 1.000000 0.000000
70.000000 139.051300 682.361328 0.000000 0.000000

TEXTURE gun
QUADTEX 70.000000 120.214401 674.558777 1.000000 0.000000
70.000000 120.214401 674.558777 0.000000 0.000000
70.000000 100.000000 671.897522 1.000000 0.000000
10.000000 100.000000 150.000000 0.000000 0.000000

TEXTURE gun
QUADTEX 10.000000 100.000000 71.897499 0.000000 1.000000
10.000000 79.785599 74.558800 1.000000 1.000000
10.000000 60.948799 82.361298 1.000000 1.000000
10.000000 44.773201 94.773201 1.000000 1.000000

TEXTURE gun
QUADTEX 10.000000 32.361301 110.948799 1.000000 1.000000
10.000000 24.558800 129.785599 1.000000 1.000000
10.000000 21.897499 150.000000 1.000000 1.000000
10.000000 24.558800 170.214401 1.000000 1.000000

TEXTURE gun
QUADTEX 10.000000 32.361301 189.051300 1.000000 1.000000
10.000000 44.773201 205.226807 1.000000 1.000000
10.000000 60.948799 217.638794 1.000000 1.000000
10.000000 79.785599 225.441193 1.000000 1.000000

TEXTURE gun
QUADTEX 10.000000 100.000000 228.102493 1.000000 1.000000
10.000000 120.214401 225.441193 1.000000 1.000000
10.000000 139.051300 217.638702 1.000000 1.000000
10.000000 155.226807 205.226807 1.000000 1.000000

TEXTURE gun
QUADTEX 10.000000 167.638794 189.051193 1.000000 1.000000
10.000000 175.441193 170.214401 1.000000 1.000000
10.000000 178.102493 150.000000 1.000000 1.000000
10.000000 175.441193 129.785599 1.000000 1.000000

TEXTURE gun
QUADTEX 10.000000 167.638794 110.948700 1.000000 1.000000
10.000000 155.226807 94.773201 1.000000 1.000000
10.000000 139.051193 82.361298 1.000000 1.000000
10.000000 120.214401 74.558800 1.000000 1.000000

TEXTURE gun
QUADTEX 70.000000 100.000000 71.897499 0.000000 1.000000
70.000000 79.785599 74.558800 1.000000 1.000000
70.000000 60.948799 82.361298 1.000000 1.000000
70.000000 44.773201 94.773201 1.000000 1.000000

TEXTURE gun
QUADTEX 70.000000 32.361301 110.948799 1.000000 1.000000
70.000000 24.558800 129.785599 1.000000 1.000000
70.000000 21.897499 150.000000 1.000000 1.000000
70.000000 24.558800 170.214401 1.000000 1.000000

TEXTURE gun
QUADTEX 70.000000 32.361301 189.051300 1.000000 1.000000
70.000000 44.773201 205.226807 1.000000 1.000000
70.000000 60.948799 217.638794 1.000000 1.000000
70.000000 79.785599 225.441193 1.000000 1.000000

TEXTURE gun
QUADTEX 70.000000 100.000000 228.102493 1.000000 1.000000
70.000000 120.214401 225.441193 1.000000 1.000000
70.000000 139.051300 217.638702 1.000000 1.000000
70.000000 155.226807 205.226807 1.000000 1.000000

TEXTURE gun
QUADTEX 70.000000 167.638794 189.051193 1.000000 1.000000
70.000000 175.441193 170.214401 1.000000 1.000000
70.000000 178.102493 150.000000 1.000000 1.000000
70.000000 175.441193 129.785599 1.000000 1.000000

TEXTURE gun
QUADTEX 70.000000 167.638794 110.948700 1.000000 1.000000
70.000000 155.226807 94.773201 1.000000 1.000000
70.000000 139.051193 82.361298 1.000000 1.000000
70.000000 120.214401 74.558800 1.000000 1.000000

TEXTURE gun
QUADTEX 70.000000 100.000000 150.000000 1.000000 1.000000
10.000000 79.785599 74.558800 0.000000 1.000000
10.000000 60.948799 82.361298 0.000000 1.000000
10.000000 44.773201 94.773201 0.000000 1.000000

TEXTURE gun
QUADTEX 10.000000 32.361301 110.948799 0.000000 1.000000
10.000000 24.558800 129.785599 0.000000 1.000000
10.000000 21.897499 150.000000 0.000000 1.000000
10.000000 24.558800 170.214401 0.000000 1.000000

TEXTURE gun
QUADTEX 10.000000 32.361301 189.051300 0.000000 1.000000
10.000000 44.773201 205.226807 0.000000 1.000000
10.000000 60.948799 217.638794 0.000000 1.000000
10.000000 79.785599 225.441193 0.000000 1.000000

TEXTURE gun
QUADTEX 10.000000 100.000000 228.102493 0.000000 1.000000
10.000000 120.214401 225.441193 0.000000 1.000000
10.000000 139.051300 217.638702 0.000000 1.000000
10.000000 155.226807 205.226807 0.000000 1.000000

TEXTURE gun
QUADTEX 10.000000 167.638794 189.051193 0.000000 1.000000
10.000000 175.441193 170.214401 0.000000 1.000000
10.000000 178.102493 150.000000 0.000000 1.000000
10.000000 175.441193 129.785599 0.000000 1.000000

TEXTURE gun
QUADTEX 10.000000 167.638794 110.948700 0.000000 1.000000
10.000000 155.226807 94.773201 0.000000 1.000000
10.000000 139.051193 82.361298 0.000000 1.000000
10.000000 100.000000 71.897499 1.000000 1.000000

TEXTURE gun
QUADTEX 10.000000 120.214401 74.558800 0.000000 1.000000
10.000000 100.000000 71.897499 0.000000 0.000000
10.000000 100.000000 71.897499 0.000000 0.000000
10.000000 79.785599 74.558800 1.000000 0.000000

TEXTURE gun
QUADTEX 10.000000 79.785599 74.558800 0.000000 0.000000
70.000000 79.785599 74.558800 0.000000 1.000000
10.000000 79.785599 74.558800 0.000000 0.000000
10.000000 60.948799 82.361298 1.000000 0.000000

TEXTURE gun
QUADTEX 10.000000 60.948799 82.361298 0.000000 0.000000
70.000000 60.948799 82.361298 0.000000 1.000000
10.000000 60.948799 82.361298 0.000000 0.000000
10.000000 44.773201 94.773201 1.000000 0.000000

TEXTURE gun
QUADTEX 10.000000 44.773201 94.773201 0.000000 0.000000
70.000000 44.773201 94.773201 0.000000 1.000000
10.000000 44.773201 94.773201 0.000000 0.000000
10.000000 32.361301 110.948799 1.000000 0.000000

TEXTURE gun
QUADTEX 10.000000 32.361301 110.948799 0.000000 0.000000
70.000000 32.361301 110.948799 0.000000 1.000000
10.000000 32.361301 110.948799 0.000000 0.000000
10.000000 24.558800 129.785599 1.000000 0.000000

TEXTURE gun
QUADTEX 10.000000 24.558800 129.785599 0.000000 0.000000
70.000000 24.558800 129.785599 0.000000 1.000000
10.000000 24.558800 129.785599 0.000000 0.000000
10.000000 21.897499 150.000000 1.000000 0.000000

TEXTURE gun
QUADTEX 10.000000 21.897499 150.000000 0.000000 0.000000
70.000000 21.897499 150.000000 0.000000 1.000000
10.000000 21.897499 150.000000 0.000000 0.000000
10.000000 24.558800 170.214401 1.000000 0.000000

TEXTURE gun
QUADTEX 10.000000 24.558800 170.214401 0.000000 0.000000
70.000000 24.558800 170.214401 0.000000 1.000000
10.000000 24.558800 170.214401 0.000000 0.000000
10.000000 32.361301 189.051300 1.000000 0.000000

TEXTURE gun
QUADTEX 10.000000 32.361301 189.051300 0.000000 0.000000
70.000000 32.361301 189.051300 0.000000 1.000000
10.000000 32.361301 189.051300 0.000000 0.000000
10.000000 44.773201 205.226807 1.000000 0.000000

TEXTURE gun
QUADTEX 10.000000 44.773201 205.226807 0.000000 0.000000
70.000000 44.773201 205.226807 0.000000 1.000000
10.000000 44.773201 205.226807 0.000000 0.000000
10.000000 60.948799 217.638794 1.000000 0.000000

TEXTURE gun
QUADTEX 10.000000 60.948799 217.638794 0.000000 0.000000
70.000000 60.948799 217.638794 0.000000 1.000000
10.000000 60.948799 217.638794 0.000000 0.000000
10.000000 79.785599 225.441193 1.000000 0.000000

TEXTURE gun
QUADTEX 10.000000 79.785599 225.441193 0.000000 0.000000
70.000000 79.785599 225.441193 0.000000 1.000000
10.000000 79.785599 225.441193 0.000000 0.000000
10.000000 100.000000 228.102493 1.000000 0.000000

TEXTURE gun
QUADTEX 10.000000 100.000000 228.102493 0.000000 0.000000
70.000000 100.000000 228.102493 0.000000 1.000000
10.000000 100.000000 228.102493 0.000000 0.000000
10.000000 120.214401 225.441193 1.000000 0.000000

TEXTURE gun
QUADTEX 10.000000 120.214401 225.441193 0.000000 0.000000
70.000000 120.214401 225.441193 0.000000 1.000000
10.000000 120.214401 225.441193 0.000000 0.000000
10.000000 139.051300 217.638702 1.000000 0.000000

TEXTURE gun
QUADTEX 10.000000 139.051300 217.638702 0.000000 0.000000
70.000000 139.051300 217.638702 0.000000 1.000000
10.000000 139.051300 217.638702 0.000000 0.000000
10.000000 155.226807 205.226807 1.000000 0.000000

TEXTURE gun
QUADTEX 10.000000 155.226807 205.226807 0.000000 0.000000
70.000000 155.226807 205.226807 0.000000 1.000000
10.000000 155.226807 205.226807 0.000000 0.000000
10.000000 167.638794 189.051193 1.000000 0.000000

TEXTURE gun
QUADTEX 10.000000 167.638794 189.051193 0.000000 0.000000
70.000000 167.638794 189.051193 0.000000 1.000000
10.000000 167.638794 189.051193 0.000000 0.000000
10.000000 175.441193 170.214401 1.000000 0.000000

TEXTURE gun
QUADTEX 10.000000 175.441193 170.214401 0.000000 0.000000
70.000000 175.441193 170.214401 0.000000 1.000000
10.000000 175.441193 170.214401 0.000000 0.000000
10.000000 178.102493 150.000000 1.000000 0.000000

TEXTURE gun
QUADTEX 10.000000 178.102493 150.000000 0.000000 0.000000
70.000000 178.102493 150.000000 0.000000 1.000000
10.000000 178.102493 150.000000 0.000000 0.000000
10.000000 175.441193 129.785599 1.000000 0.000000

TEXTURE gun
QUADTEX 10.000000 175.441193 129.785599 0.000000 0.000000
70.000000 175.441193 129.785599 0.000000 1.000000
10.000000 175.441193 129.785599 0.000000 0.000000
10.000000 167.638794 110.948700 1.000000 0.000000

TEXTURE gun
QUADTEX 10.000000 167.638794 110.948700 0.000000 0.000000
70.000000 167.638794 110.948700 0.000000 1.000000
10.000000 167.638794 110.948700 0.000000 0.000000
10.000000 155.226807 94.773201 1.000000 0.000000

TEXTURE gun
QUADTEX 10.000000 155.226807 94.773201 0.000000 0.000000
70.000000 155.226807 94.773201 0.000000 1.000000
10.000000 155.226807 94.773201 0.000000 0.000000
10.000000 139.051193 82.361298 1.000000 0.000000

TEXTURE gun
QUADTEX 10.000000 139.051193 82.361298 0.000000 0.000000
70.000000 139.051193 82.361298 0.000000 1.000000
10.000000 139.051193 82.361298 0.000000 0.000000
10.000000 120.214401 74.558800 1.000000 0.000000

TEXTURE gun
QUADTEX 10.000000 120.214401 74.558800 0.000000 0.000000
70.000000 100.000000 71.897499 1.000000 1.000000
70.000000 120.214401 74.558800 0.000000 1.000000
10.000000 120.214401 74.558800 0.000000 0.000000

TEXTURE gun
QUADTEX 10.000000 100.000000 71.897499 1.000000 0.000000
70.000000 100.000000 71.897499 1.000000 1.000000
70.000000 100.000000 71.897499 0.000000 0.000000
70.000000 79.785599 74.558800 1.000000 0.000000

TEXTURE gun
QUADTEX 70.000000 79.785599 74.558800 0.000000 0.000000
70.000000 60.948799 82.361298 1.000000 0.000000
70.000000 60.948799 82.361298 0.000000 0.000000
70.000000 44.773201 94.773201 1.000000 0.000000

TEXTURE gun
QUADTEX 70.000000 44.773201 94.773201 0.000000 0.000000
70.000000 32.361301 110.948799 1.000000 0.000000
70.000000 32.361301 110.948799 0.000000 0.000000
70.000000 24.558800 129.785599 1.000000 0.000000

TEXTURE gun
QUADTEX 70.000000 24.558800 129.785599 0.000000 0.000000
70.000000 21.897499 150.000000 1.000000 0.000000
70.000000 21.897499 150.000000 0.000000 0.000000
70.000000 24.558800 170.214401 1.000000 0.000000

TEXTURE gun
QUADTEX 70.000000 24.558800 170.214401 0.000000 0.000000
70.000000 32.361301 189.051300 1.000000 0.000000
70.000000 32.361301 189.051300 0.000000 0.000000
70.000000 44.773201 205.226807 1.000000 0.000000

TEXTURE gun
QUADTEX 70.000000 44.773201 205.226807 0.000000 0.000000
70.000000 60.948799 217.638794 1.000000 0.000000
70.000000 60.948799 217.638794 0.000000 0.000000
70.000000 79.785599 225.441193 1.000000 0.000000

TEXTURE gun
QUADTEX 70.000000 79.785599 225.441193 0.000000 0.000000
70.000000 100.000000 228.102493 1.000000 0.000000
70.000000 100.000000 228.102493 0.000000 0.000000
70.000000 120.214401 225.441193 1.000000 0.000000

TEXTURE gun
QUADTEX 70.000000 120.214401 225.441193 0.000000 0.000000
70.000000 139.051300 217.638702 1.000000 0.000000
70.000000 139.051300 217.638702 0.000000 0.000000
70.000000 155.226807 205.226807 1.000000 0.000000

TEXTURE gun
QUADTEX 70.000000 155.226807 205.226807 0.000000 0.000000
70.000000 167.638794 189.051193 1.000000 0.000000
70.000000 167.638794 189.051193 0.000000 0.000000
70.000000 175.441193 170.214401 1.000000 0.000000

TEXTURE gun
QUADTEX 70.000000 175.441193 170.214401 0.000000 0.000000
70.000000 178.102493 150.000000 1.000000 0.000000
70.000000 178.102493 150.000000 0.000000 0.000000
70.000000 175.441193 129.785599 1.000000 0.000000

TEXTURE gun
QUADTEX 70.000000 175.441193 129.785599 0.000000 0.000000
70.000000 167.638794 110.948700 1.000000 0.000000
70.000000 167.638794 110.948700 0.000000 0.000000
70.000000 155.226807 94.773201 1.000000 0.000000

TEXTURE gun
QUADTEX 70.000000 155.226807 94.773201 0.000000 0.000000
70.000000 139.051193 82.361298 1.000000 0.000000
70.000000 139.051193 82.361298 0.000000 0.000000
70.000000 120.214401 74.558800 1.000000 0.000000

TEXTURE gun
QUADTEX 70.000000 120.214401 74.558800 0.000000 0.000000
70.000000 100.000000 71.897499 1.000000 0.000000
390.000000 100.000000 150.000000 0.000000 0.000000
390.000000 100.000000 71.897499 0.000000 1.000000

TEXTURE gun
QUADTEX 390.000000 79.785599 74.558800 1.000000 1.000000
390.000000 60.948799 82.361298 1.000000 1.000000
390.000000 44.773201 94.773201 1.000000 1.000000
390.000000 32.361301 110.948799 1.000000 1.000000

TEXTURE gun
QUADTEX 390.000000 24.558800 129.785599 1.000000 1.000000
390.000000 21.897499 150.000000 1.000000 1.000000
390.000000 24.558800 170.214401 1.000000 1.000000
390.000000 32.361301 189.051300 1.000000 1.000000

TEXTURE gun
QUADTEX 390.000000 44.773201 205.226807 1.000000 1.000000
390.000000 60.948799 217.638794 1.000000 1.000000
390.000000 79.785599 225.441193 1.000000 1.000000
390.000000 100.000000 228.102493 1.000000 1.000000

TEXTURE gun
QUADTEX 390.000000 120.214401 225.441193 1.000000 1.000000
390.000000 139.051300 217.638702 1.000000 1.000000
390.000000 155.226807 205.226807 1.000000 1.000000
390.000000 167.638794 189.051193 1.000000 1.000000

TEXTURE gun
QUADTEX 390.000000 175.441193 170.214401 1.000000 1.000000
390.000000 178.102493 150.000000 1.000000 1.000000
390.000000 175.441193 129.785599 1.000000 1.000000
390.000000 167.638794 110.948700 1.000000 1.000000

TEXTURE gun
QUADTEX 390.000000 155.226807 94.773201 1.000000 1.000000
390.000000 139.051193 82.361298 1.000000 1.000000
390.000000 120.214401 74.558800 1.000000 1.000000
450.000000 100.000000 71.897499 0.000000 1.000000

TEXTURE gun
QUADTEX 450.000000 79.785599 74.558800 1.000000 1.000000
450.000000 60.948799 82.361298 1.000000 1.000000
450.000000 44.773201 94.773201 1.000000 1.000000
450.000000 32.361301 110.948799 1.000000 1.000000

TEXTURE gun
QUADTEX 450.000000 24.558800 129.785599 1.000000 1.000000
450.000000 21.897499 150.000000 1.000000 1.000000
450.000000 24.558800 170.214401 1.000000 1.000000
450.000000 32.361301 189.051300 1.000000 1.000000

TEXTURE gun
QUADTEX 450.000000 44.773201 205.226807 1.000000 1.000000
450.000000 60.948799 217.638794 1.000000 1.000000
450.000000 79.785599 225.441193 1.000000 1.000000
450.000000 100.000000 228.102493 1.000000 1.000000

TEXTURE gun
QUADTEX 450.000000 120.214401 225.441193 1.000000 1.000000
450.000000 139.051300 217.638702 1.000000 1.000000
450.000000 155.226807 205.226807 1.000000 1.000000
450.000000 167.638794 189.051193 1.000000 1.000000

TEXTURE gun
QUADTEX 450.000000 175.441193 170.214401 1.000000 1.000000
450.000000 178.102493 150.000000 1.000000 1.000000
450.000000 175.441193 129.785599 1.000000 1.000000
450.000000 167.638794 110.948700 1.000000 1.000000

TEXTURE gun
QUADTEX 450.000000 155.226807 94.773201 1.000000 1.000000
450.000000 139.051193 82.361298 1.000000 1.000000
450.000000 120.214401 74.558800 1.000000 1.000000
450.000000 100.000000 150.000000 1.000000 1.000000

TEXTURE gun
QUADTEX 390.000000 79.785599 74.558800 0.000000 1.000000
390.000000 60.948799 82.361298 0.000000 1.000000
390.000000 44.773201 94.773201 0.000000 1.000000
390.000000 32.361301 110.948799 0.000000 1.000000

TEXTURE gun
QUADTEX 390.000000 24.558800 129.785599 0.000000 1.000000
390.000000 21.897499 150.000000 0.000000 1.000000
390.000000 24.558800 170.214401 0.000000 1.000000
390.000000 32.361301 189.051300 0.000000 1.000000

TEXTURE gun
QUADTEX 390.000000 44.773201 205.226807 0.000000 1.000000
390.000000 60.948799 217.638794 0.000000 1.000000
390.000000 79.785599 225.441193 0.000000 1.000000
390.000000 100.000000 228.102493 0.000000 1.000000

TEXTURE gun
QUADTEX 390.000000 120.214401 225.441193 0.000000 1.000000
390.000000 139.051300 217.638702 0.000000 1.000000
390.000000 155.226807 205.226807 0.000000 1.000000
390.000000 167.638794 189.051193 0.000000 1.000000

TEXTURE gun
QUADTEX 390.000000 175.441193 170.214401 0.000000 1.000000
390.000000 178.102493 150.000000 0.000000 1.000000
390.000000 175.441193 129.785599 0.000000 1.000000
390.000000 167.638794 110.948700 0.000000 1.000000

TEXTURE gun
QUADTEX 390.000000 155.226807 94.773201 0.000000 1.000000
390.000000 139.051193 82.361298 0.000000 1.000000
390.000000 100.000000 71.897499 1.000000 1.000000
390.000000 120.214401 74.558800 0.000000 1.000000

TEXTURE gun
QUADTEX 390.000000 100.000000 71.897499 0.000000 0.000000
390.000000 100.000000 71.897499 0.000000 0.000000
390.000000 79.785599 74.558800 1.000000 0.000000
390.000000 79.785599 74.558800 0.000000 0.000000

TEXTURE gun
QUADTEX 450.000000 79.785599 74.558800 0.000000 1.000000
390.000000 79.785599 74.558800 0.000000 0.000000
390.000000 60.948799 82.361298 1.000000 0.000000
390.000000 60.948799 82.361298 0.000000 0.000000

TEXTURE gun
QUADTEX 450.000000 60.948799 82.361298 0.000000 1.000000
390.000000 60.948799 82.361298 0.000000 0.000000
390.000000 44.773201 94.773201 1.000000 0.000000
390.000000 44.773201 94.773201 0.000000 0.000000

TEXTURE gun
QUADTEX 450.000000 44.773201 94.773201 0.000000 1.000000
390.000000 44.773201 94.773201 0.000000 0.000000
390.000000 32.361301 110.948799 1.000000 0.000000
390.000000 32.361301 110.948799 0.000000 0.000000

TEXTURE gun
QUADTEX 450.000000 32.361301 110.948799 0.000000 1.000000
390.000000 32.361301 110.948799 0.000000 0.000000
390.000000 24.558800 129.785599 1.000000 0.000000
390.000000 24.558800 129.785599 0.000000 0.000000

TEXTURE gun
QUADTEX 450.000000 24.558800 129.785599 0.000000 1.000000
390.000000 24.558800 129.785599 0.000000 0.000000
390.000000 21.897499 150.000000 1.000000 0.000000
390.000000 21.897499 150.000000 0.000000 0.000000

TEXTURE gun
QUADTEX 450.000000 21.897499 150.000000 0.000000 1.000000
390.000000 21.897499 150.000000 0.000000 0.000000
390.000000 24.558800 170.214401 1.000000 0.000000
390.000000 24.558800 170.214401 0.000000 0.000000

TEXTURE gun
QUADTEX 450.000000 24.558800 170.214401 0.000000 1.000000
390.000000 24.558800 170.214401 0.000000 0.000000
390.000000 32.361301 189.051300 1.000000 0.000000
390.000000 32.361301 189.051300 0.000000 0.000000

TEXTURE gun
QUADTEX 450.000000 32.361301 189.051300 0.000000 1.000000
390.000000 32.361301 189.051300 0.000000 0.000000
390.000000 44.773201 205.226807 1.000000 0.000000
390.000000 44.773201 205.226807 0.000000 0.000000

TEXTURE gun
QUADTEX 450.000000 44.773201 205.226807 0.000000 1.000000
390.000000 44.773201 205.226807 0.000000 0.000000
390.000000 60.948799 217.638794 1.000000 0.000000
390.000000 60.948799 217.638794 0.000000 0.000000

TEXTURE gun
QUADTEX 450.000000 60.948799 217.638794 0.000000 1.000000
390.000000 60.948799 217.638794 0.000000 0.000000
390.000000 79.785599 225.441193 1.000000 0.000000
390.000000 79.785599 225.441193 0.000000 0.000000

TEXTURE gun
QUADTEX 450.000000 79.785599 225.441193 0.000000 1.000000
390.000000 79.785599 225.441193 0.000000 0.000000
390.000000 100.000000 228.102493 1.000000 0.000000
390.000000 100.000000 228.102493 0.000000 0.000000

TEXTURE gun
QUADTEX 450.000000 100.000000 228.102493 0.000000 1.000000
390.000000 100.000000 228.102493 0.000000 0.000000
390.000000 120.214401 225.441193 1.000000 0.000000
390.000000 120.214401 225.441193 0.000000 0.000000

TEXTURE gun
QUADTEX 450.000000 120.214401 225.441193 0.000000 1.000000
390.000000 120.214401 225.441193 0.000000 0.000000
390.000000 139.051300 217.638702 1.000000 0.000000
390.000000 139.051300 217.638702 0.000000 0.000000

TEXTURE gun
QUADTEX 450.000000 139.051300 217.638702 0.000000 1.000000
390.000000 139.051300 217.638702 0.000000 0.000000
390.000000 155.226807 205.226807 1.000000 0.000000
390.000000 155.226807 205.226807 0.000000 0.000000

TEXTURE gun
QUADTEX 450.000000 155.226807 205.226807 0.000000 1.000000
390.000000 155.226807 205.226807 0.000000 0.000000
390.000000 167.638794 189.051193 1.000000 0.000000
390.000000 167.638794 189.051193 0.000000 0.000000

TEXTURE gun
QUADTEX 450.000000 167.638794 189.051193 0.000000 1.000000
390.000000 167.638794 189.051193 0.000000 0.000000
390.000000 175.441193 170.214401 1.000000 0.000000
390.000000 175.441193 170.214401 0.000000 0.000000

TEXTURE gun
QUADTEX 450.000000 175.441193 170.214401 0.000000 1.000000
390.000000 175.441193 170.214401 0.000000 0.000000
390.000000 178.102493 150.000000 1.000000 0.000000
390.000000 178.102493 150.000000 0.000000 0.000000

TEXTURE gun
QUADTEX 450.000000 178.102493 150.000000 0.000000 1.000000
390.000000 178.102493 150.000000 0.000000 0.000000
390.000000 175.441193 129.785599 1.000000 0.000000
390.000000 175.441193 129.785599 0.000000 0.000000

TEXTURE gun
QUADTEX 450.000000 175.441193 129.785599 0.000000 1.000000
390.000000 175.441193 129.785599 0.000000 0.000000
390.000000 167.638794 110.948700 1.000000 0.000000
390.000000 167.638794 110.948700 0.000000 0.000000

TEXTURE gun
QUADTEX 450.000000 167.638794 110.948700 0.000000 1.000000
390.000000 167.638794 110.948700 0.000000 0.000000
390.000000 155.226807 94.773201 1.000000 0.000000
390.000000 155.226807 94.773201 0.000000 0.000000

TEXTURE gun
QUADTEX 450.000000 155.226807 94.773201 0.000000 1.000000
390.000000 155.226807 94.773201 0.000000 0.000000
390.000000 139.051193 82.361298 1.000000 0.000000
390.000000 139.051193 82.361298 0.000000 0.000000

TEXTURE gun
QUADTEX 450.000000 139.051193 82.361298 0.000000 1.000000
390.000000 139.051193 82.361298 0.000000 0.000000
390.000000 120.214401 74.558800 1.000000 0.000000
390.000000 120.214401 74.558800 0.000000 0.000000

TEXTURE gun
QUADTEX 450.000000 100.000000 71.897499 1.000000 1.000000
450.000000 120.214401 74.558800 0.000000 1.000000
390.000000 120.214401 74.558800 0.000000 0.000000
390.000000 100.000000 71.897499 1.000000 0.000000

TEXTURE gun
QUADTEX 450.000000 100.000000 71.897499 1.000000 1.000000
450.000000 100.000000 71.897499 0.000000 0.000000
450.000000 79.785599 74.558800 1.000000 0.000000
450.000000 79.785599 74.558800 0.000000 0.000000

TEXTURE gun
QUADTEX 450.000000 60.948799 82.361298 1.000000 0.000000
450.000000 60.948799 82.361298 0.000000 0.000000
450.000000 44.773201 94.773201 1.000000 0.000000
450.000000 44.773201 94.773201 0.000000 0.000000

TEXTURE gun
QUADTEX 450.000000 32.361301 110.948799 1.000000 0.000000
450.000000 32.361301 110.948799 0.000000 0.000000
450.000000 24.558800 129.785599 1.000000 0.000000
450.000000 24.558800 129.785599 0.000000 0.000000

TEXTURE gun
QUADTEX 450.000000 21.897499 150.000000 1.000000 0.000000
450.000000 21.897499 150.000000 0.000000 0.000000
450.000000 24.558800 170.214401 1.000000 0.000000
450.000000 24.558800 170.214401 0.000000 0.000000

TEXTURE gun
QUADTEX 450.000000 32.361301 189.051300 1.000000 0.000000
450.000000 32.361301 189.051300 0.000000 0.000000
450.000000 44.773201 205.226807 1.000000 0.000000
450.000000 44.773201 205.226807 0.000000 0.000000

TEXTURE gun
QUADTEX 450.000000 60.948799 217.638794 1.000000 0.000000
450.000000 60.948799 217.638794 0.000000 0.000000
450.000000 79.785599 225.441193 1.000000 0.000000
450.000000 79.785599 225.441193 0.000000 0.000000

TEXTURE gun
QUADTEX 450.000000 100.000000 228.102493 1.000000 0.000000
450.000000 100.000000 228.102493 0.000000 0.000000
450.000000 120.214401 225.441193 1.000000 0.000000
450.000000 120.214401 225.441193 0.000000 0.000000

TEXTURE gun
QUADTEX 450.000000 139.051300 217.638702 1.000000 0.000000
450.000000 139.051300 217.638702 0.000000 0.000000
450.000000 155.226807 205.226807 1.000000 0.000000
450.000000 155.226807 205.226807 0.000000 0.000000

TEXTURE gun
QUADTEX 450.000000 167.638794 189.051193 1.000000 0.000000
450.000000 167.638794 189.051193 0.000000 0.000000
450.000000 175.441193 170.214401 1.000000 0.000000
450.000000 175.441193 170.214401 0.000000 0.000000

TEXTURE gun
QUADTEX 450.000000 178.102493 150.000000 1.000000 0.000000
450.000000 178.102493 150.000000 0.000000 0.000000
450.000000 175.441193 129.785599 1.000000 0.000000
450.000000 175.441193 129.785599 0.000000 0.000000

TEXTURE gun
QUADTEX 450.000000 167.638794 110.948700 1.000000 0.000000
450.000000 167.638794 110.948700 0.000000 0.000000
450.000000 155.226807 94.773201 1.000000 0.000000
450.000000 155.226807 94.773201 0.000000 0.000000

TEXTURE gun
QUADTEX 450.000000 139.051193 82.361298 1.000000 0.000000
450.000000 139.051193 82.361298 0.000000 0.000000
450.000000 120.214401 74.558800 1.000000 0.000000
450.000000 120.214401 74.558800 0.000000 0.000000

TEXTURE gun
QUADTEX 450.000000 100.000000 71.897499 1.000000 0.000000
390.000000 100.000000 750.000000 0.000000 0.000000
390.000000 100.000000 671.897522 0.000000 1.000000
390.000000 79.785599 674.558777 1.000000 1.000000

TEXTURE gun
QUADTEX 390.000000 60.948799 682.361328 1.000000 1.000000
390.000000 44.773201 694.773193 1.000000 1.000000
390.000000 32.361301 710.948792 1.000000 1.000000
390.000000 24.558800 729.785583 1.000000 1.000000

TEXTURE gun
QUADTEX 390.000000 21.897499 750.000000 1.000000 1.000000
390.000000 24.558800 770.214417 1.000000 1.000000
390.000000 32.361301 789.051270 1.000000 1.000000
390.000000 44.773201 805.226807 1.000000 1.000000

TEXTURE gun
QUADTEX 390.000000 60.948799 817.638794 1.000000 1.000000
390.000000 79.785599 825.441223 1.000000 1.000000
390.000000 100.000000 828.102478 1.000000 1.000000
390.000000 120.214500 825.441223 1.000000 1.000000

TEXTURE gun
QUADTEX 390.000000 139.051300 817.638794 1.000000 1.000000
390.000000 155.226807 805.226807 1.000000 1.000000
390.000000 167.638794 789.051208 1.000000 1.000000
390.000000 175.441299 770.214417 1.000000 1.000000

TEXTURE gun
QUADTEX 390.000000 178.102493 750.000000 1.000000 1.000000
390.000000 175.441193 729.785583 1.000000 1.000000
390.000000 167.638794 710.948792 1.000000 1.000000
390.000000 155.226807 694.773193 1.000000 1.000000

TEXTURE gun
QUADTEX 390.000000 139.051300 682.361328 1.000000 1.000000
390.000000 120.214401 674.558777 1.000000 1.000000
450.000092 100.000000 671.897522 0.000000 1.000000
450.000092 79.785599 674.558777 1.000000 1.000000

TEXTURE gun
QUADTEX 450.000092 60.948799 682.361328 1.000000 1.000000
450.000092 44.773201 694.773193 1.000000 1.000000
450.000092 32.361301 710.948792 1.000000 1.000000
450.000092 24.558800 729.785583 1.000000 1.000000

TEXTURE gun
QUADTEX 450.000092 21.897499 750.000000 1.000000 1.000000
450.000092 24.558800 770.214417 1.000000 1.000000
450.000092 32.361301 789.051270 1.000000 1.000000
450.000092 44.773201 805.226807 1.000000 1.000000

TEXTURE gun
QUADTEX 450.000092 60.948799 817.638794 1.000000 1.000000
450.000092 79.785599 825.441223 1.000000 1.000000
450.000092 100.000000 828.102478 1.000000 1.000000
450.000092 120.214500 825.441223 1.000000 1.000000

TEXTURE gun
QUADTEX 450.000092 139.051300 817.638794 1.000000 1.000000
450.000092 155.226807 805.226807 1.000000 1.000000
450.000092 167.638794 789.051208 1.000000 1.000000
450.000092 175.441299 770.214417 1.000000 1.000000

TEXTURE gun
QUADTEX 450.000092 178.102493 750.000000 1.000000 1.000000
450.000092 175.441193 729.785583 1.000000 1.000000
450.000092 167.638794 710.948792 1.000000 1.000000
450.000092 155.226807 694.773193 1.000000 1.000000

TEXTURE gun
QUADTEX 450.000092 139.051300 682.361328 1.000000 1.000000
450.000092 120.214401 674.558777 1.000000 1.000000
450.000092 100.000000 750.000000 1.000000 1.000000
390.000000 79.785599 674.558777 0.000000 1.000000

TEXTURE gun
QUADTEX 390.000000 60.948799 682.361328 0.000000 1.000000
390.000000 44.773201 694.773193 0.000000 1.000000
390.000000 32.361301 710.948792 0.000000 1.000000
390.000000 24.558800 729.785583 0.000000 1.000000

TEXTURE gun
QUADTEX 390.000000 21.897499 750.000000 0.000000 1.000000
390.000000 24.558800 770.214417 0.000000 1.000000
390.000000 32.361301 789.051270 0.000000 1.000000
390.000000 44.773201 805.226807 0.000000 1.000000

TEXTURE gun
QUADTEX 390.000000 60.948799 817.638794 0.000000 1.000000
390.000000 79.785599 825.441223 0.000000 1.000000
390.000000 100.000000 828.102478 0.000000 1.000000
390.000000 120.214500 825.441223 0.000000 1.000000

TEXTURE gun
QUADTEX 390.000000 139.051300 817.638794 0.000000 1.000000
390.000000 155.226807 805.226807 0.000000 1.000000
390.000000 167.638794 789.051208 0.000000 1.000000
390.000000 175.441299 770.214417 0.000000 1.000000

TEXTURE gun
QUADTEX 390.000000 178.102493 750.000000 0.000000 1.000000
390.000000 175.441193 729.785583 0.000000 1.000000
390.000000 167.638794 710.948792 0.000000 1.000000
390.000000 155.226807 694.773193 0.000000 1.000000

TEXTURE gun
QUADTEX 390.000000 139.051300 682.361328 0.000000 1.000000
390.000000 100.000000 671.897522 1.000000 1.000000
390.000000 120.214401 674.558777 0.000000 1.000000
390.000000 100.000000 671.897522 0.000000 0.000000

TEXTURE gun
QUADTEX 390.000000 100.000000 671.897522 0.000000 0.000000
390.000000 79.785599 674.558777 1.000000 0.000000
390.000000 79.785599 674.558777 0.000000 0.000000
450.000092 79.785599 674.558777 0.000000 1.000000

TEXTURE gun
QUADTEX 390.000000 79.785599 674.558777 0.000000 0.000000
390.000000 60.948799 682.361328 1.000000 0.000000
390.000000 60.948799 682.361328 0.000000 0.000000
450.000092 60.948799 682.361328 0.000000 1.000000

TEXTURE gun
QUADTEX 390.000000 60.948799 682.361328 0.000000 0.000000
390.000000 44.773201 694.773193 1.000000 0.000000
390.000000 44.773201 694.773193 0.000000 0.000000
450.000092 44.773201 694.773193 0.000000 1.000000

TEXTURE gun
QUADTEX 390.000000 44.773201 694.773193 0.000000 0.000000
390.000000 32.361301 710.948792 1.000000 0.000000
390.000000 32.361301 710.948792 0.000000 0.000000
450.000092 32.361301 710.948792 0.000000 1.000000

TEXTURE gun
QUADTEX 390.000000 32.361301 710.948792 0.000000 0.000000
390.000000 24.558800 729.785583 1.000000 0.000000
390.000000 24.558800 729.785583 0.000000 0.000000
450.000092 24.558800 729.785583 0.000000 1.000000

TEXTURE gun
QUADTEX 390.000000 24.558800 729.785583 0.000000 0.000000
390.000000 21.897499 750.000000 1.000000 0.000000
390.000000 21.897499 750.000000 0.000000 0.000000
450.000092 21.897499 750.000000 0.000000 1.000000

TEXTURE gun
QUADTEX 390.000000 21.897499 750.000000 0.000000 0.000000
390.000000 24.558800 770.214417 1.000000 0.000000
390.000000 24.558800 770.214417 0.000000 0.000000
450.000092 24.558800 770.214417 0.000000 1.000000

TEXTURE car1
QUADTEX 390.000000 24.558800 770.214417 0.000000 0.000000
390.000000 32.361301 789.051270 1.000000 0.000000
390.000000 32.361301 789.051270 0.000000 0.000000
450.000092 32.361301 789.051270 0.000000 1.000000

TEXTURE car1
QUADTEX 390.000000 32.361301 789.051270 0.000000 0.000000
390.000000 44.773201 805.226807 1.000000 0.000000
390.000000 44.773201 805.226807 0.000000 0.000000
450.000092 44.773201 805.226807 0.000000 1.000000

TEXTURE car1
QUADTEX 390.000000 44.773201 805.226807 0.000000 0.000000
390.000000 60.948799 817.638794 1.000000 0.000000
390.000000 60.948799 817.638794 0.000000 0.000000
450.000092 60.948799 817.638794 0.000000 1.000000

TEXTURE car1
QUADTEX 390.000000 60.948799 817.638794 0.000000 0.000000
390.000000 79.785599 825.441223 1.000000 0.000000
390.000000 79.785599 825.441223 0.000000 0.000000
450.000092 79.785599 825.441223 0.000000 1.000000

TEXTURE car1
QUADTEX 390.000000 79.785599 825.441223 0.000000 0.000000
390.000000 100.000000 828.102478 1.000000 0.000000
390.000000 100.000000 828.102478 0.000000 0.000000
450.000092 100.000000 828.102478 0.000000 1.000000

TEXTURE car1
QUADTEX 390.000000 100.000000 828.102478 0.000000 0.000000
390.000000 120.214500 825.441223 1.000000 0.000000
390.000000 120.214500 825.441223 0.000000 0.000000
450.000092 120.214500 825.441223 0.000000 1.000000

TEXTURE car1
QUADTEX 390.000000 120.214500 825.441223 0.000000 0.000000
390.000000 139.051300 817.638794 1.000000 0.000000
390.000000 139.051300 817.638794 0.000000 0.000000
450.000092 139.051300 817.638794 0.000000 1.000000

TEXTURE car1
QUADTEX 390.000000 139.051300 817.638794 0.000000 0.000000
390.000000 155.226807 805.226807 1.000000 0.000000
390.000000 155.226807 805.226807 0.000000 0.000000
450.000092 155.226807 805.226807 0.000000 1.000000

TEXTURE car1
QUADTEX 390.000000 155.226807 805.226807 0.000000 0.000000
390.000000 167.638794 789.051208 1.000000 0.000000
390.000000 167.638794 789.051208 0.000000 0.000000
450.000092 167.638794 789.051208 0.000000 1.000000

TEXTURE gun
QUADTEX 390.000000 167.638794 789.051208 0.000000 0.000000
390.000000 175.441299 770.214417 1.000000 0.000000
390.000000 175.441299 770.214417 0.000000 0.000000
450.000092 175.441299 770.214417 0.000000 1.000000

TEXTURE gun
QUADTEX 390.000000 175.441299 770.214417 0.000000 0.000000
390.000000 178.102493 750.000000 1.000000 0.000000
390.000000 178.102493 750.000000 0.000000 0.000000
450.000092 178.102493 750.000000 0.000000 1.000000

TEXTURE gun
QUADTEX 390.000000 178.102493 750.000000 0.000000 0.000000
390.000000 175.441193 729.785583 1.000000 0.000000
390.000000 175.441193 729.785583 0.000000 0.000000
450.000092 175.441193 729.785583 0.000000 1.000000

TEXTURE car1
QUADTEX 390.000000 175.441193 729.785583 0.000000 0.000000
390.000000 167.638794 710.948792 1.000000 0.000000
390.000000 167.638794 710.948792 0.000000 0.000000
450.000092 167.638794 710.948792 0.000000 1.000000

TEXTURE car1
QUADTEX 390.000000 167.638794 710.948792 0.000000 0.000000
390.000000 155.226807 694.773193 1.000000 0.000000
390.000000 155.226807 694.773193 0.000000 0.000000
450.000092 155.226807 694.773193 0.000000 1.000000

TEXTURE car1
QUADTEX 390.000000 155.226807 694.773193 0.000000 0.000000
390.000000 139.051300 682.361328 1.000000 0.000000
390.000000 139.051300 682.361328 0.000000 0.000000
450.000092 139.051300 682.361328 0.000000 1.000000

TEXTURE gun
QUADTEX 390.000000 139.051300 682.361328 0.000000 0.000000
390.000000 120.214401 674.558777 1.000000 0.000000
390.000000 120.214401 674.558777 0.000000 0.000000
450.000092 100.000000 671.897522 1.000000 1.000000

TEXTURE gun
QUADTEX 450.000092 120.214401 674.558777 0.000000 1.000000
390.000000 120.214401 674.558777 0.000000 0.000000
390.000000 100.000000 671.897522 1.000000 0.000000
450.000092 100.000000 671.897522 1.000000 1.000000

TEXTURE gun
QUADTEX 450.000092 100.000000 671.897522 0.000000 0.000000
450.000092 79.785599 674.558777 1.000000 0.000000
450.000092 79.785599 674.558777 0.000000 0.000000
450.000092 60.948799 682.361328 1.000000 0.000000

TEXTURE car1
QUADTEX 450.000092 60.948799 682.361328 0.000000 0.000000
450.000092 44.773201 694.773193 1.000000 0.000000
450.000092 44.773201 694.773193 0.000000 0.000000
450.000092 32.361301 710.948792 1.000000 0.000000

TEXTURE gun
QUADTEX 450.000092 32.361301 710.948792 0.000000 0.000000
450.000092 24.558800 729.785583 1.000000 0.000000
450.000092 24.558800 729.785583 0.000000 0.000000
450.000092 21.897499 750.000000 1.000000 0.000000

TEXTURE gun
QUADTEX 450.000092 21.897499 750.000000 0.000000 0.000000
450.000092 24.558800 770.214417 1.000000 0.000000
450.000092 24.558800 770.214417 0.000000 0.000000
450.000092 32.361301 789.051270 1.000000 0.000000

TEXTURE gun
QUADTEX 450.000092 32.361301 789.051270 0.000000 0.000000
450.000092 44.773201 805.226807 1.000000 0.000000
450.000092 44.773201 805.226807 0.000000 0.000000
450.000092 60.948799 817.638794 1.000000 0.000000

TEXTURE gun
QUADTEX 450.000092 60.948799 817.638794 0.000000 0.000000
450.000092 79.785599 825.441223 1.000000 0.000000
450.000092 79.785599 825.441223 0.000000 0.000000
450.000092 100.000000 828.102478 1.000000 0.000000

TEXTURE car1
QUADTEX 450.000092 100.000000 828.102478 0.000000 0.000000
450.000092 120.214500 825.441223 1.000000 0.000000
450.000092 120.214500 825.441223 0.000000 0.000000
450.000092 139.051300 817.638794 1.000000 0.000000

TEXTURE gun
QUADTEX 450.000092 139.051300 817.638794 0.000000 0.000000
450.000092 155.226807 805.226807 1.000000 0.000000
450.000092 155.226807 805.226807 0.000000 0.000000
450.000092 167.638794 789.051208 1.000000 0.000000

TEXTURE gun
QUADTEX 450.000092 167.638794 789.051208 0.000000 0.000000
450.000092 175.441299 770.214417 1.000000 0.000000
450.000092 175.441299 770.214417 0.000000 0.000000
450.000092 178.102493 750.000000 1.000000 0.000000

TEXTURE car1
QUADTEX 450.000092 178.102493 750.000000 0.000000 0.000000
450.000092 175.441193 729.785583 1.000000 0.000000
450.000092 175.441193 729.785583 0.000000 0.000000
450.000092 167.638794 710.948792 1.000000 0.000000

TEXTURE car1
QUADTEX 450.000092 167.638794 710.948792 0.000000 0.000000
450.000092 155.226807 694.773193 1.000000 0.000000
450.000092 155.226807 694.773193 0.000000 0.000000
450.000092 139.051300 682.361328 1.000000 0.000000

TEXTURE gun
QUADTEX 450.000092 139.051300 682.361328 0.000000 0.000000
450.000092 120.214401 674.558777 1.000000 0.000000
450.000092 120.214401 674.558777 0.000000 0.000000
450.000092 100.000000 671.897522 1.000000 0.000000

TEXTURE car1
QUADTEX 30.000000 300.000000 280.000000 0.000000 1.000000
40.000000 280.000000 0.000000 1.000000 1.000000
40.000000 210.000000 0.000000 1.000000 0.000000
30.000000 210.000000 280.000000 0.000000 0.000000

TEXTURE car1
QUADTEX 430.000000 210.000000 280.000000 0.000000 0.000000
430.000000 210.000000 210.000000 1.000000 0.000000
430.000000 120.000000 270.000000 1.000000 1.000000
430.000000 120.000000 280.000000 0.000000 1.000000

TEXTURE car1
QUADTEX 420.000000 210.000000 0.000000 0.000000 0.000000
420.000000 210.000000 90.000000 1.000000 0.000000
420.000000 180.000000 70.000000 1.000000 1.000000
420.000000 180.000000 0.000000 0.000000 1.000000

TEXTURE car1
QUADTEX 50.000000 450.000000 360.000000 0.000000 0.000000
410.000000 450.000000 360.000000 1.000000 0.000000
50.000000 460.000000 360.000000 0.000000 1.000000
410.000000 460.000000 360.000000 1.000000 1.000000

TEXTURE car1
QUADTEX 50.000000 450.000000 370.000000 0.000000 0.000000
410.000000 450.000000 370.000000 0.000000 1.000000
50.000000 460.000000 370.000000 1.000000 0.000000
410.000000 460.000000 370.000000 1.000000 1.000000

TEXTURE car1
QUADTEX 410.000000 450.000000 360.000000 0.000000 1.000000
410.000000 450.000000 370.000000 1.000000 1.000000
50.000000 450.000000 370.000000 1.000000 0.000000
410.000000 450.000000 370.000000 1.000000 1.000000

TEXTURE car1
QUADTEX 410.000000 460.000000 360.000000 0.000000 1.000000
410.000000 450.000000 360.000000 0.000000 0.000000
410.000000 450.000000 370.000000 1.000000 0.000000
410.000000 450.000000 360.000000 0.000000 0.000000

TEXTURE car1
QUADTEX 50.000000 460.000000 360.000000 1.000000 0.000000
50.000000 460.000000 370.000000 0.000000 0.000000
410.000000 460.000000 370.000000 0.000000 1.000000
50.000000 460.000000 370.000000 0.000000 0.000000

TEXTURE car1
QUADTEX 50.000000 450.000000 360.000000 1.000000 0.000000
50.000000 460.000000 360.000000 1.000000 1.000000
50.000000 460.000000 370.000000 0.000000 1.000000
50.000000 460.000000 360.000000 1.000000 1.000000

TEXTURE car1
QUADTEX 440.000092 120.000099 870.000000 0.000000 0.000000
440.000092 210.000107 810.000000 1.000000 0.000000
440.000092 200.000107 800.000000 1.000000 1.000000
440.000092 110.000099 860.000000 0.000000 1.000000

TEXTURE car1
QUADTEX 10.000000 210.000000 210.000000 0.000000 0.000000
10.000000 210.000000 90.000000 1.000000 0.000000
10.000000 200.000000 100.000000 1.000000 1.000000
10.000000 200.000000 200.000000 0.000000 1.000000

TEXTURE car1
QUADTEX 440.000092 210.000000 690.000000 0.000000 0.000000
440.000092 120.000000 630.000000 1.000000 0.000000
440.000092 110.000000 640.000000 1.000000 1.000000
440.000092 200.000000 700.000000 0.000000 1.000000

TEXTURE car1
QUADTEX 30.000000 150.000000 500.000000 0.000000 1.000000
30.000000 150.000000 650.000000 1.000000 1.000000
30.000000 120.000000 630.000000 1.000000 0.000000
30.000000 120.000000 500.000000 0.000000 0.000000

TEXTURE car1
QUADTEX 30.000000 210.000000 660.000000 0.000000 0.000000
30.000000 210.000000 690.000000 1.000000 0.000000
30.000000 150.000000 650.000000 1.000000 1.000000
30.000000 150.000000 620.000000 0.000000 1.000000

TEXTURE car1
QUADTEX 430.000092 210.000000 660.000000 0.000000 0.000000
430.000092 210.000000 690.000000 1.000000 0.000000
430.000092 150.000000 650.000000 1.000000 1.000000
430.000092 150.000000 620.000000 0.000000 1.000000

TEXTURE car1
QUADTEX 440.000092 210.000000 810.000000 0.000000 0.000000
440.000092 210.000000 690.000000 1.000000 0.000000
440.000092 200.000000 700.000000 1.000000 1.000000
440.000092 200.000000 800.000000 0.000000 1.000000

TEXTURE car1
QUADTEX 450.000000 210.000000 810.000000 0.000000 0.000000
400.000000 210.000000 810.000000 1.000000 0.000000
400.000000 210.000000 690.000000 1.000000 1.000000
450.000000 210.000000 690.000000 0.000000 1.000000

TEXTURE car1
QUADTEX 10.000000 120.000099 870.000000 0.000000 0.000000
10.000000 210.000107 810.000000 1.000000 0.000000
10.000000 200.000107 800.000000 1.000000 1.000000
10.000000 110.000099 860.000000 0.000000 1.000000

TEXTURE gun
QUADTEX 430.000092 150.000000 500.000000 0.000000 1.000000
430.000092 150.000000 650.000000 1.000000 1.000000
430.000092 120.000000 630.000000 1.000000 0.000000
430.000092 120.000000 500.000000 0.000000 0.000000

TEXTURE gun
QUADTEX 450.000000 210.000000 90.000000 0.000000 0.000000
450.000000 150.000000 40.000000 1.000000 0.000000
450.000000 140.000000 50.000000 1.000000 1.000000
450.000000 200.000000 100.000000 0.000000 1.000000

TEXTURE gun
QUADTEX 450.000000 210.000000 210.000000 0.000000 0.000000
450.000000 210.000000 90.000000 1.000000 0.000000
450.000000 200.000000 100.000000 1.000000 1.000000
450.000000 200.000000 200.000000 0.000000 1.000000

TEXTURE car1
QUADTEX 450.000000 210.000000 210.000000 0.000000 0.000000
400.000000 210.000000 210.000000 1.000000 0.000000
400.000000 210.000000 90.000000 1.000000 1.000000
450.000000 210.000000 90.000000 0.000000 1.000000

TEXTURE car1
QUADTEX 450.000000 120.000000 270.000000 0.000000 0.000000
450.000000 210.000000 210.000000 1.000000 0.000000
450.000000 200.000000 200.000000 1.000000 1.000000
450.000000 110.000000 260.000000 0.000000 1.000000

TEXTURE car1
QUADTEX 40.000000 210.000000 0.000000 0.000000 0.000000
40.000000 210.000000 90.000000 1.000000 0.000000
40.000000 180.000000 70.000000 1.000000 1.000000
40.000000 180.000000 0.000000 0.000000 1.000000

TEXTURE car1
QUADTEX 60.000000 120.000000 870.000000 0.000000 0.000000
10.000000 120.000000 870.000000 1.000000 0.000000
10.000000 210.000000 810.000000 1.000000 1.000000
60.000000 210.000000 810.000000 0.000000 1.000000

TEXTURE car1
QUADTEX 450.000092 120.000000 870.000000 0.000000 0.000000
400.000000 120.000000 870.000000 1.000000 0.000000
400.000000 210.000000 810.000000 1.000000 1.000000
450.000092 210.000000 810.000000 0.000000 1.000000

TEXTURE car1
QUADTEX 50.000000 450.000000 360.000000 0.000000 0.000000
40.000000 450.000000 360.000000 1.000000 0.000000
30.000000 320.000000 290.000000 1.000000 1.000000
40.000000 320.000000 290.000000 0.000000 1.000000

TEXTURE gun
QUADTEX 420.000000 450.000000 360.000000 0.000000 0.000000
410.000000 450.000000 360.000000 1.000000 0.000000
420.000000 320.000000 290.000000 1.000000 1.000000
430.000000 320.000000 290.000000 0.000000 1.000000

TEXTURE gun
QUADTEX 10.000000 210.000000 690.000000 0.000000 0.000000
10.000000 120.000000 630.000000 1.000000 0.000000
10.000000 110.000000 640.000000 1.000000 1.000000
10.000000 200.000000 700.000000 0.000000 1.000000

TEXTURE car1
QUADTEX 40.000000 450.000000 360.000000 0.000000 0.000000
50.000000 450.000000 360.000000 0.000000 1.000000
40.000000 450.000000 890.000000 1.000000 0.000000
50.000000 450.000000 890.000000 1.000000 1.000000

TEXTURE car1
QUADTEX 40.000000 460.000000 360.000000 0.000000 0.000000
50.000000 460.000000 360.000000 1.000000 0.000000
40.000000 460.000000 890.000000 0.000000 1.000000
50.000000 460.000000 890.000000 1.000000 1.000000

TEXTURE car1
QUADTEX 50.000000 450.000000 360.000000 1.000000 0.000000
50.000000 460.000000 360.000000 1.000000 1.000000
50.000000 460.000000 360.000000 1.000000 1.000000
40.000000 460.000000 360.000000 0.000000 1.000000

TEXTURE car1
QUADTEX 50.000000 450.000000 360.000000 0.000000 0.000000
50.000000 450.000000 890.000000 1.000000 0.000000
50.000000 460.000000 360.000000 0.000000 1.000000
50.000000 450.000000 360.000000 0.000000 0.000000

TEXTURE car1
QUADTEX 50.000000 450.000000 890.000000 0.000000 0.000000
40.000000 460.000000 890.000000 1.000000 1.000000
40.000000 460.000000 890.000000 1.000000 1.000000
50.000000 460.000000 890.000000 0.000000 1.000000

TEXTURE car1
QUADTEX 50.000000 450.000000 890.000000 0.000000 0.000000
40.000000 450.000000 890.000000 0.000000 0.000000
40.000000 450.000000 360.000000 1.000000 0.000000
40.000000 460.000000 360.000000 1.000000 1.000000

TEXTURE car1
QUADTEX 40.000000 460.000000 360.000000 1.000000 1.000000
40.000000 450.000000 890.000000 0.000000 0.000000
410.000000 450.000000 360.000000 0.000000 0.000000
420.000000 450.000000 360.000000 0.000000 1.000000

TEXTURE car1
QUADTEX 410.000000 450.000000 890.000000 1.000000 0.000000
420.000000 450.000000 890.000000 1.000000 1.000000
410.000000 460.000000 360.000000 0.000000 0.000000
420.000000 460.000000 360.000000 1.000000 0.000000

TEXTURE car1
QUADTEX 410.000000 460.000000 890.000000 0.000000 1.000000
420.000000 460.000000 890.000000 1.000000 1.000000
420.000000 450.000000 360.000000 1.000000 0.000000
420.000000 460.000000 360.000000 1.000000 1.000000

TEXTURE car1
QUADTEX 420.000000 460.000000 360.000000 1.000000 1.000000
410.000000 460.000000 360.000000 0.000000 1.000000
420.000000 450.000000 360.000000 0.000000 0.000000
420.000000 450.000000 890.000000 1.000000 0.000000

TEXTURE car1
QUADTEX 420.000000 460.000000 360.000000 0.000000 1.000000
420.000000 450.000000 360.000000 0.000000 0.000000
420.000000 450.000000 890.000000 0.000000 0.000000
410.000000 460.000000 890.000000 1.000000 1.000000

TEXTURE car1
QUADTEX 410.000000 460.000000 890.000000 1.000000 1.000000
420.000000 460.000000 890.000000 0.000000 1.000000
420.000000 450.000000 890.000000 0.000000 0.000000
410.000000 450.000000 890.000000 0.000000 0.000000

TEXTURE gun
QUADTEX 410.000000 450.000000 360.000000 1.000000 0.000000
410.000000 460.000000 360.000000 1.000000 1.000000
410.000000 460.000000 360.000000 1.000000 1.000000
410.000000 450.000000 890.000000 0.000000 0.000000

TEXTURE gun
QUADTEX 50.000000 460.000000 480.000000 0.000000 0.000000
410.000000 460.000000 480.000000 1.000000 0.000000
50.000000 460.000000 490.000000 0.000000 1.000000
410.000000 460.000000 490.000000 1.000000 1.000000

TEXTURE gun
QUADTEX 50.000000 450.000000 480.000000 0.000000 0.000000
410.000000 450.000000 480.000000 0.000000 1.000000
50.000000 450.000000 490.000000 1.000000 0.000000
410.000000 450.000000 490.000000 1.000000 1.000000

TEXTURE car1
QUADTEX 410.000000 460.000000 480.000000 0.000000 1.000000
410.000000 450.000000 480.000000 1.000000 1.000000
50.000000 450.000000 480.000000 1.000000 0.000000
410.000000 450.000000 480.000000 1.000000 1.000000

TEXTURE car1
QUADTEX 410.000000 460.000000 490.000000 0.000000 1.000000
410.000000 460.000000 480.000000 0.000000 0.000000
410.000000 450.000000 480.000000 1.000000 0.000000
410.000000 460.000000 480.000000 0.000000 0.000000

TEXTURE car1
QUADTEX 50.000000 460.000000 490.000000 1.000000 0.000000
50.000000 450.000000 490.000000 0.000000 0.000000
410.000000 450.000000 490.000000 0.000000 1.000000
50.000000 450.000000 490.000000 0.000000 0.000000

TEXTURE car1
QUADTEX 50.000000 460.000000 480.000000 1.000000 0.000000
50.000000 460.000000 490.000000 1.000000 1.000000
50.000000 450.000000 490.000000 0.000000 1.000000
50.000000 460.000000 490.000000 1.000000 1.000000

TEXTURE car1
QUADTEX 420.000000 120.000000 610.000000 0.000000 0.000000
30.000000 120.000000 610.000000 1.000000 0.000000
30.000000 120.000000 320.000000 1.000000 1.000000
420.000000 120.000000 320.000000 0.000000 1.000000

TEXTURE car1
QUADTEX 430.000000 180.000000 930.000000 0.000000 0.000000
30.000000 180.000000 930.000000 1.000000 0.000000
30.000000 180.000000 820.000000 1.000000 1.000000
430.000000 180.000000 820.000000 0.000000 1.000000

TEXTURE car1
QUADTEX 360.000000 160.000000 850.000000 0.000000 0.000000
100.000000 160.000000 850.000000 1.000000 0.000000
100.000000 160.000000 650.000000 1.000000 1.000000
360.000000 160.000000 650.000000 0.000000 1.000000

TEXTURE car1
QUADTEX 50.000000 460.000000 880.000000 0.000000 0.000000
410.000000 460.000000 880.000000 1.000000 0.000000
50.000000 460.000000 890.000000 0.000000 1.000000
410.000000 460.000000 890.000000 1.000000 1.000000

TEXTURE car1
QUADTEX 50.000000 450.000000 880.000000 0.000000 0.000000
410.000000 450.000000 880.000000 0.000000 1.000000
50.000000 450.000000 890.000000 1.000000 0.000000
410.000000 450.000000 890.000000 1.000000 1.000000

TEXTURE car1
QUADTEX 410.000000 460.000000 880.000000 0.000000 1.000000
410.000000 450.000000 880.000000 1.000000 1.000000
50.000000 450.000000 880.000000 1.000000 0.000000
410.000000 450.000000 880.000000 1.000000 1.000000

TEXTURE car1
QUADTEX 410.000000 460.000000 890.000000 0.000000 1.000000
410.000000 460.000000 880.000000 0.000000 0.000000
410.000000 450.000000 880.000000 1.000000 0.000000
410.000000 460.000000 880.000000 0.000000 0.000000

TEXTURE gun
QUADTEX 50.000000 460.000000 890.000000 1.000000 0.000000
50.000000 450.000000 890.000000 0.000000 0.000000
410.000000 450.000000 890.000000 0.000000 1.000000
50.000000 450.000000 890.000000 0.000000 0.000000

TEXTURE gun
QUADTEX 50.000000 460.000000 880.000000 1.000000 0.000000
50.000000 460.000000 890.000000 1.000000 1.000000
50.000000 450.000000 890.000000 0.000000 1.000000
50.000000 460.000000 890.000000 1.000000 1.000000

TEXTURE window
QUADTEX 430.000000 180.000000 -19.999901 0.000000 0.000000
20.000000 180.000000 -19.999901 1.000000 0.000000
20.000000 120.000000 -19.999901 1.000000 1.000000
430.000000 120.000000 -19.999901 0.000000 1.000000

TEXTURE window
QUADTEX 430.000000 180.000000 70.000000 0.000000 0.000000
20.000000 180.000000 70.000000 1.000000 0.000000
20.000000 180.000000 -19.999901 1.000000 1.000000
430.000000 180.000000 -19.999901 0.000000 1.000000

TEXTURE window
QUADTEX 30.000000 300.000000 660.000000 0.000000 0.000000
30.000000 300.000000 670.000000 0.000000 1.000000
40.000000 450.000092 660.000000 1.000000 0.000000
40.000000 450.000092 670.000000 1.000000 1.000000

TEXTURE window
QUADTEX 40.000000 300.000000 660.000000 0.000000 0.000000
40.000000 300.000000 670.000000 1.000000 0.000000
50.000000 450.000092 660.000000 0.000000 1.000000
50.000000 450.000092 670.000000 1.000000 1.000000

TEXTURE window
QUADTEX 30.000000 300.000000 670.000000 1.000000 0.000000
40.000000 300.000000 670.000000 1.000000 1.000000
40.000000 300.000000 670.000000 1.000000 1.000000
40.000000 300.000000 660.000000 0.000000 1.000000

TEXTURE window
QUADTEX 30.000000 300.000000 670.000000 0.000000 0.000000
40.000000 450.000092 670.000000 1.000000 0.000000
40.000000 300.000000 670.000000 0.000000 1.000000
30.000000 300.000000 670.000000 0.000000 0.000000

TEXTURE window
QUADTEX 40.000000 450.000092 670.000000 0.000000 0.000000
50.000000 450.000092 660.000000 1.000000 1.000000
50.000000 450.000092 660.000000 1.000000 1.000000
50.000000 450.000092 670.000000 0.000000 1.000000

TEXTURE window
QUADTEX 40.000000 450.000092 670.000000 0.000000 0.000000
40.000000 450.000092 660.000000 0.000000 0.000000
30.000000 300.000000 660.000000 1.000000 0.000000
40.000000 300.000000 660.000000 1.000000 1.000000

TEXTURE background
QUADTEX 40.000000 300.000000 660.000000 1.000000 1.000000
40.000000 450.000092 660.000000 0.000000 0.000000
420.000000 300.000000 660.000000 0.000000 0.000000
420.000000 300.000000 670.000000 0.000000 1.000000

TEXTURE background
QUADTEX 410.000000 450.000092 660.000000 1.000000 0.000000
410.000000 450.000092 670.000000 1.000000 1.000000
430.000000 300.000000 660.000000 0.000000 0.000000
430.000000 300.000000 670.000000 1.000000 0.000000

TEXTURE background
QUADTEX 420.000000 450.000092 660.000000 0.000000 1.000000
420.000000 450.000092 670.000000 1.000000 1.000000
420.000000 300.000000 670.000000 1.000000 0.000000
430.000000 300.000000 670.000000 1.000000 1.000000

TEXTURE background
QUADTEX 430.000000 300.000000 670.000000 1.000000 1.000000
430.000000 300.000000 660.000000 0.000000 1.000000
420.000000 300.000000 670.000000 0.000000 0.000000
410.000000 450.000092 670.000000 1.000000 0.000000

TEXTURE background
QUADTEX 430.000000 300.000000 670.000000 0.000000 1.000000
420.000000 300.000000 670.000000 0.000000 0.000000
410.000000 450.000092 670.000000 0.000000 0.000000
420.000000 450.000092 660.000000 1.000000 1.000000

TEXTURE background
QUADTEX 420.000000 450.000092 660.000000 1.000000 1.000000
420.000000 450.000092 670.000000 0.000000 1.000000
410.000000 450.000092 670.000000 0.000000 0.000000
410.000000 450.000092 660.000000 0.000000 0.000000

TEXTURE background
QUADTEX 420.000000 300.000000 660.000000 1.000000 0.000000
430.000000 300.000000 660.000000 1.000000 1.000000
430.000000 300.000000 660.000000 1.000000 1.000000
410.000000 450.000092 660.000000 0.000000 0.000000

TEXTURE background
QUADTEX 430.000000 180.000000 -19.999901 0.000000 0.000000
430.000000 180.000000 70.000000 1.000000 0.000000
430.000000 120.000000 30.000000 1.000000 1.000000
430.000000 120.000000 -19.999901 0.000000 1.000000

TEXTURE background
QUADTEX 20.000000 180.000000 -19.999901 0.000000 0.000000
20.000000 180.000000 70.000000 1.000000 0.000000
20.000000 120.000000 30.000000 1.000000 1.000000
20.000000 120.000000 -19.999901 0.000000 1.000000

TEXTURE background
QUADTEX 430.000000 180.000000 930.000000 0.000000 0.000000
30.000000 180.000000 930.000000 1.000000 0.000000
30.000000 120.000000 930.000000 1.000000 1.000000
430.000000 120.000000 930.000000 0.000000 1.000000

TEXTURE background
QUADTEX 430.000000 210.000000 910.000000 0.000000 0.000000
430.000000 210.000000 810.000000 1.000000 0.000000
430.000000 180.000000 830.000000 1.000000 1.000000
430.000000 180.000000 910.000000 0.000000 1.000000

TEXTURE background
QUADTEX 30.000000 210.000000 910.000000 0.000000 0.000000
30.000000 210.000000 810.000000 1.000000 0.000000
30.000000 180.000000 830.000000 1.000000 1.000000
30.000000 180.000000 910.000000 0.000000 1.000000

TEXTURE background
QUADTEX 430.000000 300.000000 480.000000 0.000000 1.000000
430.000000 300.000000 280.000000 1.000000 1.000000
430.000000 210.000000 280.000000 1.000000 0.000000
430.000000 210.000000 480.000000 0.000000 0.000000

TEXTURE background
QUADTEX 430.000000 210.000000 660.000000 0.000000 0.000000
430.000000 210.000000 480.000000 1.000000 0.000000
430.000000 150.000000 480.000000 1.000000 1.000000
430.000000 150.000000 620.000000 0.000000 1.000000

TEXTURE background
QUADTEX 430.000000 300.000000 660.000000 0.000000 1.000000
430.000000 300.000000 480.000000 1.000000 1.000000
430.000000 210.000000 480.000000 1.000000 0.000000
430.000000 210.000000 660.000000 0.000000 0.000000

TEXTURE background
QUADTEX 430.000000 210.000000 480.000000 0.000000 0.000000
430.000000 210.000000 280.000000 1.000000 0.000000
430.000000 150.000000 280.000000 1.000000 1.000000
430.000000 150.000000 480.000000 0.000000 1.000000

TEXTURE background
QUADTEX 30.000000 300.000000 480.000000 0.000000 1.000000
30.000000 300.000000 660.000000 1.000000 1.000000
30.000000 210.000000 660.000000 1.000000 0.000000
30.000000 210.000000 480.000000 0.000000 0.000000

TEXTURE background
QUADTEX 30.000000 300.000000 280.000000 0.000000 1.000000
30.000000 300.000000 480.000000 1.000000 1.000000
30.000000 210.000000 480.000000 1.000000 0.000000
30.000000 210.000000 280.000000 0.000000 0.000000

TEXTURE background
QUADTEX 30.000000 210.000000 280.000000 0.000000 0.000000
30.000000 210.000000 480.000000 1.000000 0.000000
30.000000 150.000000 480.000000 1.000000 1.000000
30.000000 150.000000 280.000000 0.000000 1.000000

TEXTURE background
QUADTEX 30.000000 210.000000 480.000000 0.000000 0.000000
30.000000 210.000000 660.000000 1.000000 0.000000
30.000000 150.000000 620.000000 1.000000 1.000000
30.000000 150.000000 480.000000 0.000000 1.000000

TEXTURE background
QUADTEX 420.000000 210.000000 690.000000 0.000000 0.000000
420.000000 210.000000 660.000000 1.000000 0.000000
420.000000 150.000000 620.000000 1.000000 1.000000
420.000000 150.000000 650.000000 0.000000 1.000000

TEXTURE background
QUADTEX 420.000000 460.000000 890.000000 0.000000 0.000000
40.000000 460.000000 890.000000 1.000000 0.000000
40.000000 460.000000 360.000000 1.000000 1.000000
420.000000 460.000000 360.000000 0.000000 1.000000

TEXTURE background
QUADTEX 420.000000 300.000000 900.000000 0.000000 0.000000
40.000000 300.000000 900.000000 1.000000 0.000000
40.000000 170.000000 900.000000 1.000000 1.000000
420.000000 170.000000 900.000000 0.000000 1.000000

TEXTURE background
QUADTEX 410.000000 450.000000 360.000000 0.000000 0.000000
50.000000 450.000000 360.000000 1.000000 0.000000
40.000000 320.000000 290.000000 1.000000 1.000000
420.000000 320.000000 290.000000 0.000000 1.000000

TEXTURE background
QUADTEX 40.000000 450.000092 670.000000 0.000000 0.000000
40.000000 450.000092 880.000000 1.000000 0.000000
30.000000 300.000000 900.000000 1.000000 1.000000
30.000000 300.000000 670.000000 0.000000 1.000000

TEXTURE background
QUADTEX 40.000000 450.000092 490.000000 0.000000 0.000000
40.000000 450.000092 660.000000 1.000000 0.000000
30.000000 300.000000 660.000000 1.000000 1.000000
30.000000 300.000000 490.000000 0.000000 1.000000

TEXTURE background
QUADTEX 40.000000 450.000092 360.000000 0.000000 0.000000
40.000000 450.000092 480.000000 1.000000 0.000000
30.000000 300.000000 480.000000 1.000000 1.000000
30.000000 300.000000 280.000000 0.000000 1.000000

TEXTURE background
QUADTEX 420.000000 450.000092 480.000000 0.000000 0.000000
420.000000 450.000092 360.000000 1.000000 0.000000
430.000000 300.000000 280.000000 1.000000 1.000000
430.000000 300.000000 480.000000 0.000000 1.000000

TEXTURE background
QUADTEX 420.000000 450.000092 660.000000 0.000000 0.000000
420.000000 450.000092 490.000000 1.000000 0.000000
430.000000 300.000000 490.000000 1.000000 1.000000
430.000000 300.000000 660.000000 0.000000 1.000000

TEXTURE background
QUADTEX 420.000000 450.000092 880.000000 0.000000 0.000000
420.000000 450.000092 670.000000 1.000000 0.000000
430.000000 300.000000 670.000000 1.000000 1.000000
430.000000 300.000000 900.000000 0.000000 1.000000

TEXTURE background
QUADTEX 50.000000 450.000092 890.000000 0.000000 0.000000
410.000000 450.000092 890.000000 1.000000 0.000000
420.000000 300.000000 910.000000 1.000000 1.000000
40.000000 300.000000 910.000000 0.000000 1.000000

